File e:\data\publications\2012\vikram_fact_des\raw_Data\16090525.mesh
600.914 0.25 45 135
687.666 0.25 45 135
558.015 0.25 45 135
750.374 0.25 45 135
631.004 0.25 45 135
628.175 0.25 45 135
694.76 0.25 45 135
561.839 0.25 45 135
626.86 0.25 45 135
1030.61 0.25 45 135
564.896 0.25 45 135
586.503 0.25 45 135
736.561 0.25 45 135
573.901 0.25 45 135
870.844 0.25 45 135
563.685 0.25 45 135
727.804 0.25 45 135
663.14 0.25 45 135
461.068 0.25 45 135
689.639 0.25 45 135
545.424 0.25 45 135
603.792 0.25 45 135
708.986 0.25 45 135
739.705 0.25 45 135
739.584 0.25 45 135
849.82 0.25 45 135
723.293 0.25 45 135
850.659 0.25 45 135
465.768 0.25 45 135
381.735 0.25 45 135
File e:\data\publications\2012\vikram_fact_des\raw_Data\16090531.mesh
600.914 0.25 45 135
687.666 0.25 45 135
558.015 0.25 45 135
750.374 0.25 45 135
631.004 0.25 45 135
628.175 0.25 45 135
694.76 0.25 45 135
561.839 0.25 45 135
626.86 0.25 45 135
1030.61 0.25 45 135
564.896 0.25 45 135
586.503 0.25 45 135
736.561 0.25 45 135
573.901 0.25 45 135
870.844 0.25 45 135
563.685 0.25 45 135
727.804 0.25 45 135
663.14 0.25 45 135
461.068 0.25 45 135
689.639 0.25 45 135
545.424 0.25 45 135
603.792 0.25 45 135
708.986 0.25 45 135
739.705 0.25 45 135
739.584 0.25 45 135
849.82 0.25 45 135
723.293 0.25 45 135
850.659 0.25 45 135
465.768 0.25 45 135
381.735 0.25 45 135
File e:\data\publications\2012\vikram_fact_des\raw_Data\16090529.mesh
600.914 0.25 45 135
687.666 0.25 45 135
558.015 0.25 45 135
750.374 0.25 45 135
631.004 0.25 45 135
628.175 0.25 45 135
694.76 0.25 45 135
561.839 0.25 45 135
626.86 0.25 45 135
1030.61 0.25 45 135
564.896 0.25 45 135
586.503 0.25 45 135
736.561 0.25 45 135
573.901 0.25 45 135
870.844 0.25 45 135
563.685 0.25 45 135
727.804 0.25 45 135
663.14 0.25 45 135
461.068 0.25 45 135
689.639 0.25 45 135
545.424 0.25 45 135
603.792 0.25 45 135
708.986 0.25 45 135
739.705 0.25 45 135
739.584 0.25 45 135
849.82 0.25 45 135
723.293 0.25 45 135
850.659 0.25 45 135
465.768 0.25 45 135
381.735 0.25 45 135
File e:\data\publications\2012\vikram_fact_des\raw_Data\16090540.mesh
600.914 0.25 45 135
687.666 0.25 45 135
558.015 0.25 45 135
750.374 0.25 45 135
631.004 0.25 45 135
628.175 0.25 45 135
694.76 0.25 45 135
561.839 0.25 45 135
626.86 0.25 45 135
1030.61 0.25 45 135
564.896 0.25 45 135
586.503 0.25 45 135
736.561 0.25 45 135
573.901 0.25 45 135
870.844 0.25 45 135
563.685 0.25 45 135
727.804 0.25 45 135
663.14 0.25 45 135
461.068 0.25 45 135
689.639 0.25 45 135
545.424 0.25 45 135
603.792 0.25 45 135
708.986 0.25 45 135
739.705 0.25 45 135
739.584 0.25 45 135
849.82 0.25 45 135
723.293 0.25 45 135
850.659 0.25 45 135
465.768 0.25 45 135
381.735 0.25 45 135
File e:\data\publications\2012\vikram_fact_des\raw_Data\16090534.mesh
600.914 0.25 45 135
687.666 0.25 45 135
558.015 0.25 45 135
750.374 0.25 45 135
631.004 0.25 45 135
628.175 0.25 45 135
694.76 0.25 45 135
561.839 0.25 45 135
626.86 0.25 45 135
1030.61 0.25 45 135
564.896 0.25 45 135
586.503 0.25 45 135
736.561 0.25 45 135
573.901 0.25 45 135
870.844 0.25 45 135
563.685 0.25 45 135
727.804 0.25 45 135
663.14 0.25 45 135
461.068 0.25 45 135
689.639 0.25 45 135
545.424 0.25 45 135
603.792 0.25 45 135
708.986 0.25 45 135
739.705 0.25 45 135
739.584 0.25 45 135
849.82 0.25 45 135
723.293 0.25 45 135
850.659 0.25 45 135
465.768 0.25 45 135
381.735 0.25 45 135
File e:\data\publications\2012\vikram_fact_des\raw_Data\16090541.mesh
600.914 0.25 45 135
687.666 0.25 45 135
558.015 0.25 45 135
750.374 0.25 45 135
631.004 0.25 45 135
628.175 0.25 45 135
694.76 0.25 45 135
561.839 0.25 45 135
626.86 0.25 45 135
1030.61 0.25 45 135
564.896 0.25 45 135
586.503 0.25 45 135
736.561 0.25 45 135
573.901 0.25 45 135
870.844 0.25 45 135
563.685 0.25 45 135
727.804 0.25 45 135
663.14 0.25 45 135
461.068 0.25 45 135
689.639 0.25 45 135
545.424 0.25 45 135
603.792 0.25 45 135
708.986 0.25 45 135
739.705 0.25 45 135
739.584 0.25 45 135
849.82 0.25 45 135
723.293 0.25 45 135
850.659 0.25 45 135
465.768 0.25 45 135
381.735 0.25 45 135
File e:\data\publications\2012\vikram_fact_des\raw_Data\16090526.mesh
600.914 0.25 45 135
687.666 0.25 45 135
558.015 0.25 45 135
750.374 0.25 45 135
631.004 0.25 45 135
628.175 0.25 45 135
694.76 0.25 45 135
561.839 0.25 45 135
626.86 0.25 45 135
1030.61 0.25 45 135
564.896 0.25 45 135
586.503 0.25 45 135
736.561 0.25 45 135
573.901 0.25 45 135
870.844 0.25 45 135
563.685 0.25 45 135
727.804 0.25 45 135
663.14 0.25 45 135
461.068 0.25 45 135
689.639 0.25 45 135
545.424 0.25 45 135
603.792 0.25 45 135
708.986 0.25 45 135
739.705 0.25 45 135
739.584 0.25 45 135
849.82 0.25 45 135
723.293 0.25 45 135
850.659 0.25 45 135
465.768 0.25 45 135
381.735 0.25 45 135
File e:\data\publications\2012\vikram_fact_des\raw_Data\16090530.mesh
600.914 0.25 45 135
687.666 0.25 45 135
558.015 0.25 45 135
750.374 0.25 45 135
631.004 0.25 45 135
628.175 0.25 45 135
694.76 0.25 45 135
561.839 0.25 45 135
626.86 0.25 45 135
1030.61 0.25 45 135
564.896 0.25 45 135
586.503 0.25 45 135
736.561 0.25 45 135
573.901 0.25 45 135
870.844 0.25 45 135
563.685 0.25 45 135
727.804 0.25 45 135
663.14 0.25 45 135
461.068 0.25 45 135
689.639 0.25 45 135
545.424 0.25 45 135
603.792 0.25 45 135
708.986 0.25 45 135
739.705 0.25 45 135
739.584 0.25 45 135
849.82 0.25 45 135
723.293 0.25 45 135
850.659 0.25 45 135
465.768 0.25 45 135
381.735 0.25 45 135
File e:\data\publications\2012\vikram_fact_des\raw_Data\16090538.mesh
600.914 0.25 45 135
687.666 0.25 45 135
558.015 0.25 45 135
750.374 0.25 45 135
631.004 0.25 45 135
628.175 0.25 45 135
694.76 0.25 45 135
561.839 0.25 45 135
626.86 0.25 45 135
1030.61 0.25 45 135
564.896 0.25 45 135
586.503 0.25 45 135
736.561 0.25 45 135
573.901 0.25 45 135
870.844 0.25 45 135
563.685 0.25 45 135
727.804 0.25 45 135
663.14 0.25 45 135
461.068 0.25 45 135
689.639 0.25 45 135
545.424 0.25 45 135
603.792 0.25 45 135
708.986 0.25 45 135
739.705 0.25 45 135
739.584 0.25 45 135
849.82 0.25 45 135
723.293 0.25 45 135
850.659 0.25 45 135
465.768 0.25 45 135
381.735 0.25 45 135
File e:\data\publications\2012\vikram_fact_des\raw_Data\16090535.mesh
600.914 0.25 45 135
687.666 0.25 45 135
558.015 0.25 45 135
750.374 0.25 45 135
631.004 0.25 45 135
628.175 0.25 45 135
694.76 0.25 45 135
561.839 0.25 45 135
626.86 0.25 45 135
1030.61 0.25 45 135
564.896 0.25 45 135
586.503 0.25 45 135
736.561 0.25 45 135
573.901 0.25 45 135
870.844 0.25 45 135
563.685 0.25 45 135
727.804 0.25 45 135
663.14 0.25 45 135
461.068 0.25 45 135
689.639 0.25 45 135
545.424 0.25 45 135
603.792 0.25 45 135
708.986 0.25 45 135
739.705 0.25 45 135
739.584 0.25 45 135
849.82 0.25 45 135
723.293 0.25 45 135
850.659 0.25 45 135
465.768 0.25 45 135
381.735 0.25 45 135
File e:\data\publications\2012\vikram_fact_des\raw_Data\16090536.mesh
600.914 0.25 45 135
687.666 0.25 45 135
558.015 0.25 45 135
750.374 0.25 45 135
631.004 0.25 45 135
628.175 0.25 45 135
694.76 0.25 45 135
561.839 0.25 45 135
626.86 0.25 45 135
1030.61 0.25 45 135
564.896 0.25 45 135
586.503 0.25 45 135
736.561 0.25 45 135
573.901 0.25 45 135
870.844 0.25 45 135
563.685 0.25 45 135
727.804 0.25 45 135
663.14 0.25 45 135
461.068 0.25 45 135
689.639 0.25 45 135
545.424 0.25 45 135
603.792 0.25 45 135
708.986 0.25 45 135
739.705 0.25 45 135
739.584 0.25 45 135
849.82 0.25 45 135
723.293 0.25 45 135
850.659 0.25 45 135
465.768 0.25 45 135
381.735 0.25 45 135
File e:\data\publications\2012\vikram_fact_des\raw_Data\16090532.mesh
600.914 0.25 45 135
687.666 0.25 45 135
558.015 0.25 45 135
750.374 0.25 45 135
631.004 0.25 45 135
628.175 0.25 45 135
694.76 0.25 45 135
561.839 0.25 45 135
626.86 0.25 45 135
1030.61 0.25 45 135
564.896 0.25 45 135
586.503 0.25 45 135
736.561 0.25 45 135
573.901 0.25 45 135
870.844 0.25 45 135
563.685 0.25 45 135
727.804 0.25 45 135
663.14 0.25 45 135
461.068 0.25 45 135
689.639 0.25 45 135
545.424 0.25 45 135
603.792 0.25 45 135
708.986 0.25 45 135
739.705 0.25 45 135
739.584 0.25 45 135
849.82 0.25 45 135
723.293 0.25 45 135
850.659 0.25 45 135
465.768 0.25 45 135
381.735 0.25 45 135
File e:\data\publications\2012\vikram_fact_des\raw_Data\16090539.mesh
600.914 0.25 45 135
687.666 0.25 45 135
558.015 0.25 45 135
750.374 0.25 45 135
631.004 0.25 45 135
628.175 0.25 45 135
694.76 0.25 45 135
561.839 0.25 45 135
626.86 0.25 45 135
1030.61 0.25 45 135
564.896 0.25 45 135
586.503 0.25 45 135
736.561 0.25 45 135
573.901 0.25 45 135
870.844 0.25 45 135
563.685 0.25 45 135
727.804 0.25 45 135
663.14 0.25 45 135
461.068 0.25 45 135
689.639 0.25 45 135
545.424 0.25 45 135
603.792 0.25 45 135
708.986 0.25 45 135
739.705 0.25 45 135
739.584 0.25 45 135
849.82 0.25 45 135
723.293 0.25 45 135
850.659 0.25 45 135
465.768 0.25 45 135
381.735 0.25 45 135
File e:\data\publications\2012\vikram_fact_des\raw_Data\16090542.mesh
600.914 0.25 45 135
687.666 0.25 45 135
558.015 0.25 45 135
750.374 0.25 45 135
631.004 0.25 45 135
628.175 0.25 45 135
694.76 0.25 45 135
561.839 0.25 45 135
626.86 0.25 45 135
1030.61 0.25 45 135
564.896 0.25 45 135
586.503 0.25 45 135
736.561 0.25 45 135
573.901 0.25 45 135
870.844 0.25 45 135
563.685 0.25 45 135
727.804 0.25 45 135
663.14 0.25 45 135
461.068 0.25 45 135
689.639 0.25 45 135
545.424 0.25 45 135
603.792 0.25 45 135
708.986 0.25 45 135
739.705 0.25 45 135
739.584 0.25 45 135
849.82 0.25 45 135
723.293 0.25 45 135
850.659 0.25 45 135
465.768 0.25 45 135
381.735 0.25 45 135
File e:\data\publications\2012\vikram_fact_des\raw_Data\16090528.mesh
600.914 0.25 45 135
687.666 0.25 45 135
558.015 0.25 45 135
750.374 0.25 45 135
631.004 0.25 45 135
628.175 0.25 45 135
694.76 0.25 45 135
561.839 0.25 45 135
626.86 0.25 45 135
1030.61 0.25 45 135
564.896 0.25 45 135
586.503 0.25 45 135
736.561 0.25 45 135
573.901 0.25 45 135
870.844 0.25 45 135
563.685 0.25 45 135
727.804 0.25 45 135
663.14 0.25 45 135
461.068 0.25 45 135
689.639 0.25 45 135
545.424 0.25 45 135
603.792 0.25 45 135
708.986 0.25 45 135
739.705 0.25 45 135
739.584 0.25 45 135
849.82 0.25 45 135
723.293 0.25 45 135
850.659 0.25 45 135
465.768 0.25 45 135
381.735 0.25 45 135
File e:\data\publications\2012\vikram_fact_des\raw_Data\16090533.mesh
600.914 0.25 45 135
687.666 0.25 45 135
558.015 0.25 45 135
750.374 0.25 45 135
631.004 0.25 45 135
628.175 0.25 45 135
694.76 0.25 45 135
561.839 0.25 45 135
626.86 0.25 45 135
1030.61 0.25 45 135
564.896 0.25 45 135
586.503 0.25 45 135
736.561 0.25 45 135
573.901 0.25 45 135
870.844 0.25 45 135
563.685 0.25 45 135
727.804 0.25 45 135
663.14 0.25 45 135
461.068 0.25 45 135
689.639 0.25 45 135
545.424 0.25 45 135
603.792 0.25 45 135
708.986 0.25 45 135
739.705 0.25 45 135
739.584 0.25 45 135
849.82 0.25 45 135
723.293 0.25 45 135
850.659 0.25 45 135
465.768 0.25 45 135
381.735 0.25 45 135
